****** Levels
 2.16140e+17      1.    3  '  ar15    '  0   0.  0
****** Continuum transitions
   1 1016 1 15  4 0 0 0.000E+00 0.000E+00
     8.548E+02
      16 15 2
       1.325
      1
       0.0327
       3.000e+02
       +4.750556e+00
       -1.865889e+00
       -6.386985e-01
       +2.348692e-01
       -9.574365e-02
       1.907388e-02
       0.
       0.
       0.
       0.
       0.
   1 1017 1 15 99 0 0 0.000E+00 0.000E+00
     3.926E+03
      17 15 2
       1.
      1
       0.1032
       3.000e+02
       5.794066e+00
       -1.309413e+00
       -1.159118e-00
       +2.487748e-01
       0.
       0.
       0.
       0.
       0.
       0.
       0.
