****** Levels
 2.32136e+17      2.    3  '  ar16    '  0   0.  0
****** Continuum transitions
   1 1017 1 15  4 0 0 0.000E+00 0.000E+00
     9.180E+02
      16 16 2
       0.6944
      1
       0.0327
       3.000e+02
       +4.750556e+00
       -1.865889e+00
       -6.386985e-01
       +2.348692e-01
       -9.574365e-02
       1.907388e-02
       0.
       0.
       0.
       0.
       0.
   1 1017 1 15 99 0 0 0.000E+00 0.000E+00
     4.014E+03
      17 16 2
       1.
      1
       0.1032
       3.000e+02
       5.794066e+00
       -1.309413e+00
       -1.159118e-00
       +2.487748e-01
       0.
       0.
       0.
       0.
       0.
       0.
       0.
