****** Levels
 1.03019e+16      9.    3  '   ar3    '  0   0.  0
****** Continuum transitions
   1 1004 1 15 99 0 0 0.000E+00 0.000E+00
     5.637E+01
      8 3 2
       1.278
      2
       0.0047
       0.08
       4.
       +1.709695e+04
       8.554947e+04
       1.737573e+05
       1.766098e+05
       8.213333e+04
       -3.543040e+02
       -1.579495e+04
       -4.342734e+03
       5.473096e+02
       2.722479e+02
       0.
       3.817128e+00
       -1.983256e+00
       -2.703707e-01
       -8.690955e-02
       -1.865879e-01
       0.
       0.
       0.
       0.
       0.
       0.
   1 1004 1 15  4 0 0 0.000E+00 0.000E+00
     4.074E+01
      6 3 6
       1.008
      3
       0.0048
       0.027
       5.000e-02
       4.000e+00
       -1.045196e+02
       -1.671978e+02
       -8.286872e+01
       -1.359324e+01
       0.
       0.
       0.
       0.
       0.
       0.
       0.
       -4.532565e+03
       -1.520957e+04
       -2.020320e+04
       -1.328893e+04
       -4.326966e+03
       -5.578718e+02
       0.
       0.
       0.
       0.
       0.
       +3.460499e+00
       -2.668674e+00
       -3.768189e-01
       -1.541115e-01
       -4.500103e-01
       0.
       0.
       0.
       0.
       0.
       0.
   1 1004 1 15 99 0 0 0.000E+00 0.000E+00
     4.074E+01
      6 3 6
       1.008
      3
       0.0048
       0.027
       4.400e-02
       4.000e+00
       -1.030935e+02
       -1.650670e+02
       -8.162431e+01
       -1.336580e+01
       0.
       0.
       0.
       0.
       0.
       0.
       0.
       -2.504552e+03
       -7.165884e+03
       -7.639797e+03
       -3.604054e+03
       -6.345342e+02
       0.
       0.
       0.
       0.
       0.
       0.
       +3.760703e+00
       -2.734432e+00
       -5.535019e-01
       -5.569815e-02
       -4.411425e-02
       1.914706e-01
       0.
       0.
       0.
       0.
       0.
   1 1005 1 15 99 0 0 0.000E+00 0.000E+00
     3.455E+02
      16 3 2
       1.
      1
       0.0327
       3.000e+02
       +4.750556e+00
       -1.865889e+00
       -6.386985e-01
       +2.348692e-01
       -9.574365e-02
       1.907388e-02
       0.
       0.
       0.
       0.
       0.
   1 1005 1 15 99 0 0 0.000E+00 0.000E+00
     2.801E+02
      14 3 6
       1.
      3
       0.0211
       0.240
       0.270
       3.000e+02
       -6.251837e+02
       -2.069998e+03
       -1.696400e+03
       0.
       0.
       0.
       0.
       0.
       0.
       0.
       0.
       -5.006300e+01
       -1.872600e+02
       -1.558800e+02
       0.
       0.
       0.
       0.
       0.
       0.
       0.
       0.
       4.628063e+00
       -2.844826e+00
       -5.343579e-01
       8.438493e-02
       -1.728105e-01
       2.817295e-01
       -1.546683e-01
       2.876943e-02
       0.
       0.
       0.
   1 1005 1 15 99 0 0 0.000E+00 0.000E+00
     2.801E+02
      14 3 6
       1.
      3
       0.0451
       0.24
       0.30
       3.000e+02
       -7.698689e+02
       -2.515562e+03
       -2.037673e+03
       0.
       0.
       0.
       0.
       0.
       0.
       0.
       0.
       4.759501e+00
       -2.814035e+00
       0.
       0.
       0.
       0.
       0.
       0.
       0.
       0.
       0.
       4.921053e+00
       -2.897398e+00
       -5.402380e-01
       2.604880e-01
       -2.174781e-01
       1.583873e-01
       -8.512604e-02
       1.993734e-02
       0.
       0.
       0.
   1 1005 1 15 99 0 0 0.000E+00 0.000E+00
     3.257E+03
      17 3 2
       1.
      1
       0.1032
       3.000e+02
       5.794066e+00
       -1.309413e+00
       -1.159118e-00
       +2.487748e-01
       0.
       0.
       0.
       0.
       0.
       0.
       0.
