****** Levels
 3.62756e+16      2.    3  '   ar8    '  0   0.  0
****** Continuum transitions
   1 1009 1 15  4 0 0 0.000E+00 0.000E+00
     1.435E+02
      8 8 2
       0.850
      2
       0.0047
       0.08
       4.
       +1.709695e+04
       8.554947e+04
       1.737573e+05
       1.766098e+05
       8.213333e+04
       -3.543040e+02
       -1.579495e+04
       -4.342734e+03
       5.473096e+02
       2.722479e+02
       0.
       3.817128e+00
       -1.983256e+00
       -2.703707e-01
       -8.690955e-02
       -1.865879e-01
       0.
       0.
       0.
       0.
       0.
       0.
   1 1009 1 15 99 0 0 0.000E+00 0.000E+00
     4.570E+02
      16 8 2
       1.
      1
       0.0327
       3.000e+02
       +4.750556e+00
       -1.865889e+00
       -6.386985e-01
       +2.348692e-01
       -9.574365e-02
       1.907388e-02
       0.
       0.
       0.
       0.
       0.
   1 1009 1 15 99 0 0 0.000E+00 0.000E+00
     3.925E+02
      14 8 6
       1.
      3
       0.0211
       0.240
       0.270
       3.000e+02
       -6.251837e+02
       -2.069998e+03
       -1.696400e+03
       0.
       0.
       0.
       0.
       0.
       0.
       0.
       0.
       -5.006300e+01
       -1.872600e+02
       -1.558800e+02
       0.
       0.
       0.
       0.
       0.
       0.
       0.
       0.
       4.628063e+00
       -2.844826e+00
       -5.343579e-01
       8.438493e-02
       -1.728105e-01
       2.817295e-01
       -1.546683e-01
       2.876943e-02
       0.
       0.
       0.
   1 1009 1 15 99 0 0 0.000E+00 0.000E+00
     3.925E+02
      14 8 6
       1.
      3
       0.0451
       0.24
       0.30
       3.000e+02
       -7.698689e+02
       -2.515562e+03
       -2.037673e+03
       0.
       0.
       0.
       0.
       0.
       0.
       0.
       0.
       4.759501e+00
       -2.814035e+00
       0.
       0.
       0.
       0.
       0.
       0.
       0.
       0.
       0.
       4.921053e+00
       -2.897398e+00
       -5.402380e-01
       2.604880e-01
       -2.174781e-01
       1.583873e-01
       -8.512604e-02
       1.993734e-02
       0.
       0.
       0.
   1 1010 1 15 99 0 0 0.000E+00 0.000E+00
     3.372E+03
      17 8 2
       1.
      1
       0.1032
       3.000e+02
       5.794066e+00
       -1.309413e+00
       -1.159118e-00
       +2.487748e-01
       0.
       0.
       0.
       0.
       0.
       0.
       0.
