****** Levels
 5.89586643E+15      6.    1  'c2   2Po 1'  0   0.  0
****** Continuum transitions
   1 1003 1 15 99 0 0 0.000E+00 0.000E+00
     3.047E+01
      4 2 2
       1.099
      2
       0.0047
       6.000e-02
       3.000e+02
       -5.258768e+01
       -1.632927e+02
       -1.728917e+02 
       -8.205509e+01
       -1.465739e+01
       0.
       0.
       0.
       0.
       0.
       0.
       +3.220718e+00
       -2.712337e+00
       -2.975667e-01
       +8.581632e-02
       -3.513528e-02
       +8.835004e-03
       0.
       0.
       0.
       0.
       0.
   1 1003 1 15 4 0 0 0.000E+00 0.000E+00
     2.438E+01
      2 2 6
       0.6299
      2
       0.0038
       5.000e-02
       3.000e+02
       +2.192356e+00
       -3.654437e+00
       -5.998584e-01
       0.
       0.
       0.
       0.
       0.
       0.
       0.
       0.
       +1.805769e+00
       -3.662658e+00
       -3.843287e-01
       +2.147597e-02
       +1.050091e-01
       +3.401410e-03
       -3.610361e-02
       +9.330484e-03
       0.
       0.
       0.
   1 1004 1 15 99 0 0 0.000E+00 0.000E+00
     3.076E+02
      5 2 2
       1.
      2
       0.0214
       2.900e-01
       3.000e+02
       +2.968471e+01
       +9.213640e+01
       +8.923371e+01
       0.
       0.
       0.
       0.
       0.
       0.
       0.
       0.
       +4.591173e+00
       -2.743824e+00
       -3.604311e-01
       +8.807172e-02
       -4.96559e-03
       0.
       0.
       0.
       0.
       0.
       0.
