****** Levels
 1.15792157E+16      1.    2  'c3   1Se 1'  0   0.  0
****** Continuum transitions
   1 1004 1 15 4 0 0 0.000E+00 0.000E+00
     4.789E+01
      4 3 2
       1.208
      2
       0.0047
       6.000e-02
       3.000e+02
       -5.258768e+01
       -1.632927e+02
       -1.728917e+02 
       -8.205509e+01
       -1.465739e+01
       0.
       0.
       0.
       0.
       0.
       0.
       +3.220718e+00
       -2.712337e+00
       -2.975667e-01
       +8.581632e-02
       -3.513528e-02
       +8.835004e-03
       0.
       0.
       0.
       0.
       0.
   1 1005 1 15 99 0 0 0.000E+00 0.000E+00
     3.289E+02
      5 3 2
       1.
      2
       0.0214
       2.900e-01
       3.000e+02
       +2.968471e+01
       +9.213640e+01
       +8.923371e+01
       0.
       0.
       0.
       0.
       0.
       0.
       0.
       0.
       +4.591173e+00
       -2.743824e+00
       -3.604311e-01
       +8.807172e-02
       -4.96559e-03
       0.
       0.
       0.
       0.
       0.
       0.
