****** Levels
   9.48086E+16      1.    1  'c5   1S 1'  0   0.  0
****** Continuum transitions
   1 1006 1 15 4 0 0 0.000E+00 0.000E+00
     3.921E+02
      5 5 2
       1.
      2
       0.0214
       2.900e-01
       3.000e+02
       +2.968471e+01
       +9.213640e+01
       +8.923371e+01
       0.
       0.
       0.
       0.
       0.
       0.
       0.
       0.
       +4.591173e+00
       -2.743824e+00
       -3.604311e-01
       +8.807172e-02
       -4.96559e-03
       0.
       0.
       0.
       0.
       0.
       0.
