****** Levels
 1.54579e+15      1.    3  '   ca1    '  0   0.  0
****** Continuum transitions
   1 1002 1 15  4 0 0 0.000E+00 0.000E+00
     6.113E+00
      2 1 2
       0.5804
      4
       0.0015
       0.0063
       0.007
       0.03
       5.
       -1.696829e+04
       -2.209133e+04
       -9.588181e03
       -1.387765e03
       0.
       0.
       0.
       0.
       0.
       0.
       0.
       1.849870e04
       3.069755e04
       1.864731e04
       4.863678e03
       4.513912e+02
       0.
       0.
       0.
       0.
       0.
       0.
       -1.110903e+04
       -3.810303e+04
       -5.429729e+04
       -4.116488e+04
       -1.751226e+04
       -3.964e+03
       -3.730383e+02
       0.
       0.
       0.
       0.
       2.751557e+00
       -2.032493e+00
       -2.822176e-01
       6.501008e-02
       0.
       0.
       0.
       0.
       0.
       0.
       0.
   1 1003 1 15 99 0 0 0.000E+00 0.000E+00
     4.830E+01
      10 1 2
       1.177
      1
       0.0037
       5.000e+00
       +4.005908e+00
       -1.895384e+00
       -2.690960e-01
       -7.686328e-01
       -1.305226e00
       8.272563e-01
       2.289401e00
       1.022190e00
       0.
       0.
       0.
   1 1003 1 15 99 0 0 0.000E+00 0.000E+00
     3.443E+01
      8 1 6
       1.229
      2
       0.0048
       6.000e-02
       5.000e+00
       -6.555930e+03
       -2.479846e+04
       -3.778007e+04
       -2.931175e+04
       -1.191223e+04
       -2.268159e+03
       -1.295289e02
       0.
       0.
       0.
       0.
       +3.793791e+00
       -2.627412e+00
       -4.497488e-01
       +7.670012e-02
       -3.021404e-01
       0.
       0.
       0.
       0.
       0.
       0.
   1 1003 1 15 99 0 0 0.000E+00 0.000E+00
     3.443E+01
      8 1 6
       1.229
      2
       0.0048
       5.200e-02
       5.000e+00
       -1.245096e+04
       -4.519670e+04
       -6.540765e+04
       -4.720013e+04
       -1.698817e+04
       -2.440439e+03
       0.
       0.
       0.
       0.
       0.
       +4.093892e+00
       -2.641936e+00
       -5.917073e-01
       +1.679412e-02
       -5.247592e-02
       1.643737e-01
       0.
       0.
       0.
       0.
       0.
   1 1003 1 15 99 0 0 0.000E+00 0.000E+00
     4.425E+02
      18 1 2
       1.
      1
       0.0337
       3.000e+02
       +4.848533e+00
       -1.752617e+00
       -6.076535e-01
       +9.198920e-02
       0.
       0.
       0.
       0.
       0.
       0.
       0.
   1 1003 1 15 99 0 0 0.000E+00 0.000E+00
     3.523E+02
      16 1 6
       1.
      2
       0.0214
       0.354
       3.000e+02
       5.336144e+01
       2.127812e+02
       2.386993e+02
       0.
       0.
       0.
       0.
       0.
       0.
       0.
       0.
       4.836650e+00
       -2.747030e+00
       -5.639848e-01
       6.203425e-02
       1.640334e-02
       0.
       0.
       0.
       0.
       0.
       0.
   1 1003 1 15 99 0 0 0.000E+00 0.000E+00
     3.523E+02
      16 1 6
       1.
      2
       0.0210
       0.36
       3.000e+02
       7.188938e+00
       7.298173e+00
       1.161523e+01
       0.
       0.
       0.
       0.
       0.
       0.
       0.
       0.
       5.127355e00
       -2.756711e00
       -5.572085e-01
       4.655334e-02
       1.953391e-02
       0.
       0.
       0.
       0.
       0.
       0.
   1 1003 1 15 99 0 0 0.000E+00 0.000E+00
     4.069E+03
      19 1 2
       1.
      1
       0.1165
       3.000e+02
       6.101432e+00
       -1.835810e+00
       -6.341987e-01
       +1.046257e-01
       0.
       0.
       0.
       0.
       0.
       0.
       0.
