****** Levels
 2.26198e+17      9.    3  '  ca15    '  0   0.  0
****** Continuum transitions
   1 1016 1 15 99 0 0 0.000E+00 0.000E+00
     9.357E+02
      18 15 2
       1.206
      1
       0.0337
       3.000e+02
       +4.848533e+00
       -1.752617e+00
       -6.076535e-01
       +9.198920e-02
       0.
       0.
       0.
       0.
       0.
       0.
       0.
   1 1016 1 15  4 0 0 0.000E+00 0.000E+00
     8.946E+02
      16 15 6
       0.4498
      2
       0.0214
       0.354
       3.000e+02
       5.336144e+01
       2.127812e+02
       2.386993e+02
       0.
       0.
       0.
       0.
       0.
       0.
       0.
       0.
       4.836650e+00
       -2.747030e+00
       -5.639848e-01
       6.203425e-02
       1.640334e-02
       0.
       0.
       0.
       0.
       0.
       0.
   1 1016 1 15 99 0 0 0.000E+00 0.000E+00
     8.946E+02
      16 15 6
       0.4498
      2
       0.0210
       0.36
       3.000e+02
       7.188938e+00
       7.298173e+00
       1.161523e+01
       0.
       0.
       0.
       0.
       0.
       0.
       0.
       0.
       5.127355e00
       -2.756711e00
       -5.572085e-01
       4.655334e-02
       1.953391e-02
       0.
       0.
       0.
       0.
       0.
       0.
   1 1017 1 15 99 0 0 0.000E+00 0.000E+00
     4.686E+03
      19 15 2
       1.
      1
       0.1165
       3.000e+02
       6.101432e+00
       -1.835810e+00
       -6.341987e-01
       +1.046257e-01
       0.
       0.
       0.
       0.
       0.
       0.
       0.
