****** Levels
 2.74948e+17      1.    3  '  ca17    '  0   0.  0
****** Continuum transitions
   1 1018 1 15  4 0 0 0.000E+00 0.000E+00
     1.087E+03
      18 17 2
       1.325
      1
       0.0337
       3.000e+02
       +4.848533e+00
       -1.752617e+00
       -6.076535e-01
       +9.198920e-02
       0.
       0.
       0.
       0.
       0.
       0.
       0.
   1 1019 1 15 99 0 0 0.000E+00 0.000E+00
     4.904E+03
      19 17 2
       1.
      1
       0.1165
       3.000e+02
       6.101432e+00
       -1.835810e+00
       -6.341987e-01
       +1.046257e-01
       0.
       0.
       0.
       0.
       0.
       0.
       0.
