****** Levels
 2.92756e+17      2.    3  '  ca18    '  0   0.  0
****** Continuum transitions
   1 1019 1 15  4 0 0 0.000E+00 0.000E+00
     1.157E+03
      18 18 2
       0.6944
      1
       0.0337
       3.000e+02
       +4.848533e+00
       -1.752617e+00
       -6.076535e-01
       +9.198920e-02
       0.
       0.
       0.
       0.
       0.
       0.
       0.
   1 1019 1 15 99 0 0 0.000E+00 0.000E+00
     5.003E+03
      19 18 2
       1.
      1
       0.1165
       3.000e+02
       6.101432e+00
       -1.835810e+00
       -6.341987e-01
       +1.046257e-01
       0.
       0.
       0.
       0.
       0.
       0.
       0.
