****** Levels
 2.75074e+16      4.    3  '   ca6    '  0   0.  0
****** Continuum transitions
   1 1007 1 15 99 0 0 0.000E+00 0.000E+00
     1.249E+02
      10 6 2
       1.444
      1
       0.0037
       5.000e+00
       +4.005908e+00
       -1.895384e+00
       -2.690960e-01
       -7.686328e-01
       -1.305226e00
       8.272563e-01
       2.289401e00
       1.022190e00
       0.
       0.
       0.
   1 1007 1 15  4 0 0 0.000E+00 0.000E+00
     1.088E+02
      8 6 6
       0.7958
      2
       0.0048
       6.000e-02
       5.000e+00
       -6.555930e+03
       -2.479846e+04
       -3.778007e+04
       -2.931175e+04
       -1.191223e+04
       -2.268159e+03
       -1.295289e02
       0.
       0.
       0.
       0.
       +3.793791e+00
       -2.627412e+00
       -4.497488e-01
       +7.670012e-02
       -3.021404e-01
       0.
       0.
       0.
       0.
       0.
       0.
   1 1007 1 15 99 0 0 0.000E+00 0.000E+00
     1.088E+02
      8 6 6
       0.7958
      2
       0.0048
       5.200e-02
       5.000e+00
       -1.245096e+04
       -4.519670e+04
       -6.540765e+04
       -4.720013e+04
       -1.698817e+04
       -2.440439e+03
       0.
       0.
       0.
       0.
       0.
       +4.093892e+00
       -2.641936e+00
       -5.917073e-01
       +1.679412e-02
       -5.247592e-02
       1.643737e-01
       0.
       0.
       0.
       0.
       0.
   1 1008 1 15 99 0 0 0.000E+00 0.000E+00
     5.193E+02
      18 6 2
       1.
      1
       0.0337
       3.000e+02
       +4.848533e+00
       -1.752617e+00
       -6.076535e-01
       +9.198920e-02
       0.
       0.
       0.
       0.
       0.
       0.
       0.
   1 1008 1 15 99 0 0 0.000E+00 0.000E+00
     4.423E+02
      16 6 6
       1.
      2
       0.0214
       0.354
       3.000e+02
       5.336144e+01
       2.127812e+02
       2.386993e+02
       0.
       0.
       0.
       0.
       0.
       0.
       0.
       0.
       4.836650e+00
       -2.747030e+00
       -5.639848e-01
       6.203425e-02
       1.640334e-02
       0.
       0.
       0.
       0.
       0.
       0.
   1 1008 1 15 99 0 0 0.000E+00 0.000E+00
     4.423E+02
      16 6 6
       1.
      2
       0.0210
       0.36
       3.000e+02
       7.188938e+00
       7.298173e+00
       1.161523e+01
       0.
       0.
       0.
       0.
       0.
       0.
       0.
       0.
       5.127355e00
       -2.756711e00
       -5.572085e-01
       4.655334e-02
       1.953391e-02
       0.
       0.
       0.
       0.
       0.
       0.
   1 1008 1 15 99 0 0 0.000E+00 0.000E+00
     4.147E+03
      19 6 2
       1.
      1
       0.1165
       3.000e+02
       6.101432e+00
       -1.835810e+00
       -6.341987e-01
       +1.046257e-01
       0.
       0.
       0.
       0.
       0.
       0.
       0.
