****** Levels
 6.62761e+16      6.    3  '  fe10    '  0   0.  0
****** Continuum transitions
   1 1011 1 15 99 0 0 0.000E+00 0.000E+00
     2.990E+02
      16 10 2
       1.331
      1
       0.0057
       6.000e+00
       +4.319609e+00
       -1.830732e+00
       -4.141032e-01
       +1.563942e-01
       +1.134266e-01
       -4.140388e-02
       -2.497465e-01
       0.
       0.
       0.
       0.
   1 1011 1 15  4 0 0 0.000E+00 0.000E+00
     2.621E+02
      14 10 6
       1.196
      2
       -0.0005
       1.200e-01
       6.000e+00
       +2.407189e+03
       +1.212805e+04
       +2.436285e+04
       +2.432857e+04
       +1.207331e+04
       +2.381400e+03
       0.
       0.
       0.
       0.
       0.
       +4.289518e+00
       -2.345933e+00
       -6.238079e-01
       +3.186024e-01
       -3.192812e-01
       0.
       0.
       0.
       0.
       0.
       0.
   1 1011 1 15 99 0 0 0.000E+00 0.000E+00
     2.621E+02
      14 10 6
       1.196
      2
       -0.0005
       1.200e-01
       6.000e+00
       +2.081543e+03
       +1.041720e+04
       +2.078745e+04
       +2.061127e+04
       +1.015149e+04
       +1.986330e+03
       0.
       0.
       0.
       0.
       0.
       +4.578656e+00
       -2.365755e+00
       -6.287493e-01
       +2.995695e-01
       -2.926357e-01
       0.
       0.
       0.
       0.
       0.
       0.
   1 1012 1 15 99 0 0 0.000E+00 0.000E+00
     1.076E+03
      24 10 2
       1.
      1
       0.0395
       3.000e+02
       +5.053669e+00
       -1.492061e+00
       -6.594206e-01
       +9.362967e-02
       0.
       0.
       0.
       0.
       0.
       0.
       0.
   1 1012 1 15 99 0 0 0.000E+00 0.000E+00
     9.590E+02
      22 10 6
       1.
      1
       0.0233
       3.000e+02
       5.313626e+00
       -2.550238e+00
       -5.431717e-01
       6.527170e-02
       -8.936501e-03
       7.010523e-03
       0.
       0.
       0.
       0.
       0.
   1 1012 1 15 99 0 0 0.000E+00 0.000E+00
     9.590E+02
      22 10 6
       1.
      1
       0.0221
       3.000e+02
       +5.601535e+00
       -2.505452e+00
       -7.680424e-01
       +3.292476e-01
       -1.393032e-01
       +2.892910e-02
       0.
       0.
       0.
       0.
       0.
   1 1012 1 15 99 0 0 0.000E+00 0.000E+00
     7.535E+03
      25 10 2
       1.
      1
       0.1520
       3.000e+02
       6.243385e+00
       -1.459512e+00
       -7.728573e-01
       +1.245497e-01
       0.
       0.
       0.
       0.
       0.
       0.
       0.
