****** Levels
 3.19153e+17      1.    3  '  fe17    '  0   0.  0
****** Continuum transitions
   1 1018 1 15 99 0 0 0.000E+00 0.000E+00
     1.375E+03
      24 17 2
       1.
      1
       0.0395
       3.000e+02
       +5.053669e+00
       -1.492061e+00
       -6.594206e-01
       +9.362967e-02
       0.
       0.
       0.
       0.
       0.
       0.
       0.
   1 1018 1 15  4 0 0 0.000E+00 0.000E+00
     1.262E+03
      22 17 6
       1.
      1
       0.0233
       3.000e+02
       5.313626e+00
       -2.550238e+00
       -5.431717e-01
       6.527170e-02
       -8.936501e-03
       7.010523e-03
       0.
       0.
       0.
       0.
       0.
   1 1018 1 15 99 0 0 0.000E+00 0.000E+00
     1.262E+03
      22 17 6
       1.
      1
       0.0221
       3.000e+02
       +5.601535e+00
       -2.505452e+00
       -7.680424e-01
       +3.292476e-01
       -1.393032e-01
       +2.892910e-02
       0.
       0.
       0.
       0.
       0.
   1 1019 1 15 99 0 0 0.000E+00 0.000E+00
     7.891E+03
      25 17 2
       1.
      1
       0.1520
       3.000e+02
       6.243385e+00
       -1.459512e+00
       -7.728573e-01
       +1.245497e-01
       0.
       0.
       0.
       0.
       0.
       0.
       0.
