****** Levels
 4.95252e+17      1.    3  '  fe23    '  0   0.  0
****** Continuum transitions
   1 1024 1 15  4 0 0 0.000E+00 0.000E+00
     1.950E+03
      24 23 2
       1.325
      1
       0.0395
       3.000e+02
       +5.053669e+00
       -1.492061e+00
       -6.594206e-01
       +9.362967e-02
       0.
       0.
       0.
       0.
       0.
       0.
       0.
   1 1025 1 15 99 0 0 0.000E+00 0.000E+00
     8.482E+03
      25 23 2
       1.
      1
       0.1520
       3.000e+02
       6.243385e+00
       -1.459512e+00
       -7.728573e-01
       +1.245497e-01
       0.
       0.
       0.
       0.
       0.
       0.
       0.
