****** Levels
 3.81975e+16     10.    3  '   fe8    '  0   0.  0
****** Continuum transitions
   1 1009 1 15 99 0 0 0.000E+00 0.000E+00
     2.409E+02
      16 8 2
       1.226
      1
       0.0057
       6.000e+00
       +4.319609e+00
       -1.830732e+00
       -4.141032e-01
       +1.563942e-01
       +1.134266e-01
       -4.140388e-02
       -2.497465e-01
       0.
       0.
       0.
       0.
   1 1009 1 15 99 0 0 0.000E+00 0.000E+00
     2.055E+02
      14 8 6
       1.295
      2
       -0.0005
       1.200e-01
       6.000e+00
       +2.407189e+03
       +1.212805e+04
       +2.436285e+04
       +2.432857e+04
       +1.207331e+04
       +2.381400e+03
       0.
       0.
       0.
       0.
       0.
       +4.289518e+00
       -2.345933e+00
       -6.238079e-01
       +3.186024e-01
       -3.192812e-01
       0.
       0.
       0.
       0.
       0.
       0.
   1 1009 1 15 99 0 0 0.000E+00 0.000E+00
     2.055E+02
      14 8 6
       1.295
      2
       -0.0005
       1.200e-01
       6.000e+00
       +2.081543e+03
       +1.041720e+04
       +2.078745e+04
       +2.061127e+04
       +1.015149e+04
       +1.986330e+03
       0.
       0.
       0.
       0.
       0.
       +4.578656e+00
       -2.365755e+00
       -6.287493e-01
       +2.995695e-01
       -2.926357e-01
       0.
       0.
       0.
       0.
       0.
       0.
   1 1009 1 15  4 0 0 0.000E+00 0.000E+00
     1.511E+02
      8 8 6
       0.3333
      1
       0.0008
       6.000e+00
       +3.735358e+00
       -3.480437e+00
       -5.541640e-01
       -6.319047e-03
       -1.996957e-01
       +1.814179e-01
       +1.769349e-01
       +3.390112e-02
       0.
       0.
       0.
   1 1009 1 15 99 0 0 0.000E+00 0.000E+00
     1.511E+02
      8 8 6
       0.3333
      1
       0.0008
       6.000e+00
       +3.424846e+00
       -3.480379e+00
       -5.563034e-01
       -4.397546e-02
       -2.234274e-01
       +2.133776e-01
       +2.126707e-01
       +4.287307e-02
       0.
       0.
       0.
   1 1010 1 15 99 0 0 0.000E+00 0.000E+00
     1.003E+03
      24 8 2
       1.
      1
       0.0395
       3.000e+02
       +5.053669e+00
       -1.492061e+00
       -6.594206e-01
       +9.362967e-02
       0.
       0.
       0.
       0.
       0.
       0.
       0.
   1 1010 1 15 99 0 0 0.000E+00 0.000E+00
     8.849E+02
      22 8 6
       1.
      1
       0.0233
       3.000e+02
       5.313626e+00
       -2.550238e+00
       -5.431717e-01
       6.527170e-02
       -8.936501e-03
       7.010523e-03
       0.
       0.
       0.
       0.
       0.
   1 1010 1 15 99 0 0 0.000E+00 0.000E+00
     8.849E+02
      22 8 6
       1.
      1
       0.0221
       3.000e+02
       +5.601535e+00
       -2.505452e+00
       -7.680424e-01
       +3.292476e-01
       -1.393032e-01
       +2.892910e-02
       0.
       0.
       0.
       0.
       0.
   1 1010 1 15 99 0 0 0.000E+00 0.000E+00
     7.440E+03
      25 8 2
       1.
      1
       0.1520
       3.000e+02
       6.243385e+00
       -1.459512e+00
       -7.728573e-01
       +1.245497e-01
       0.
       0.
       0.
       0.
       0.
       0.
       0.
