****** Levels
 1.93345e+15      1.    3  '   mg1    '  0   0.  0
****** Continuum transitions
   1 1002 1 15  4 0 0 0.000E+00 0.000E+00
     7.646E+00
      2 1 2
       1.
      5
       0.0017
       7.6000e-03
       8.3000e-03
       1.000e-02
       4.000e-02
       3.000e+00
       -5.622079e+03
       -7.606895e+03
       -3.431493e+03
       -5.166148e+02
       0.
       0.
       0.
       0.
       0.
       0.
       0.
       2.748315e+06
       5.453549e+06
       4.049903e+06
       1.334211e+06
       1.645506e+05
       0.
       0.
       0.
       0.
       0.
       0.
       -1.259909e+06
       -2.519971e+06
       -1.889728e+06
       -6.297121e+05
       -7.867572e+04
       0.
       0.
       0.
       0.
       0.
       0.
       3.141950e+02
       1.007645e+03
       1.306156e+03
       8.432652e+02
       2.716238e+02
       3.495819e+01
       0.
       0.
       0.
       0.
       0.
       2.842186e+00
       -2.231705e+00
       -4.034574e-01
       3.047435e-02
       0.
       0.
       0.
       0.
       0.
       0.
       0.
   1 1003 1 15 99 0 0 0.000E+00 0.000E+00
     9.400E+01
      10 1 2
       1.
      2
       0.0160
       1.200e-01
       3.000e+02
       2.276370e+01
       5.888382e+01
       6.673660e+01
       2.485990e+01
       0.
       0.
       0.
       0.
       0.
       0.
       0.
       4.262212e+00
       -2.227645e+00
       -5.060056e-01
       1.587867e-01
       -5.206487e-02
       1.012484e-02
       0.
       0.
       0.
       0.
       0.
   1 1003 1 15 99 0 0 0.000E+00 0.000E+00
     5.490E+01
      8 1 6
       1.
      2
       0.0090
       1.200e-01
       3.000e+02
       3.006533e+01
       7.477309e+01
       7.651346e+01
       2.556786e+01
       0.
       0.
       0.
       0.
       0.
       0.
       0.
       3.703843e+00
       -3.228740e+00
       -4.675302e-01
       1.470056e-01
       -5.098644e-02
       1.360435e-02
       0.
       0.
       0.
       0.
       0.
   1 1003 1 15 99 0 0 0.000E+00 0.000E+00
     5.490E+01
      8 1 6
       1.
      2
       0.0090
       1.0000e-01
       3.000e+02
       3.021466e+01
       7.423649e+01
       7.588085e+01
       2.532125e+01
       0.
       0.
       0.
       0.
       0.
       0.
       0.
       3.998654e+00
       -3.231674e+00
       -4.746584e-01
       1.417029e-01
       -4.652927e-02
       1.248532e-02
       0.
       0.
       0.
       0.
       0.
   1 1003 1 15 99 0 0 0.000E+00 0.000E+00
     1.334E+03
      11 1 2
       1.
      1
       0.0799
       3.0000e+02
       5.519529e+00
       -1.917371e+00
       -1.354046e+00
       9.208551e-01
       -3.529002e-01
       5.401496e-02
       0.
       0.
       0.
       0.
       0.
