****** Levels
 3.57214e+16      9.    3  '   mg5    '  0   0.  0
****** Continuum transitions
   1 1006 1 15 99 0 0 0.000E+00 0.000E+00
     1.735E+02
      10 5 2
       1.081
      2
       0.0160
       1.200e-01
       3.000e+02
       2.276370e+01
       5.888382e+01
       6.673660e+01
       2.485990e+01
       0.
       0.
       0.
       0.
       0.
       0.
       0.
       4.262212e+00
       -2.227645e+00
       -5.060056e-01
       1.587867e-01
       -5.206487e-02
       1.012484e-02
       0.
       0.
       0.
       0.
       0.
   1 1006 1 15  4 0 0 0.000E+00 0.000E+00
     1.413E+02
      8 5 6
       1.060
      2
       0.0090
       1.200e-01
       3.000e+02
       3.006533e+01
       7.477309e+01
       7.651346e+01
       2.556786e+01
       0.
       0.
       0.
       0.
       0.
       0.
       0.
       3.703843e+00
       -3.228740e+00
       -4.675302e-01
       1.470056e-01
       -5.098644e-02
       1.360435e-02
       0.
       0.
       0.
       0.
       0.
   1 1006 1 15 99 0 0 0.000E+00 0.000E+00
     1.413E+02
      8 5 6
       1.060
      2
       0.0090
       1.0000e-01
       3.000e+02
       3.021466e+01
       7.423649e+01
       7.588085e+01
       2.532125e+01
       0.
       0.
       0.
       0.
       0.
       0.
       0.
       3.998654e+00
       -3.231674e+00
       -4.746584e-01
       1.417029e-01
       -4.652927e-02
       1.248532e-02
       0.
       0.
       0.
       0.
       0.
   1 1007 1 15 99 0 0 0.000E+00 0.000E+00
     1.432E+03
      11 5 2
       1.
      1
       0.0799
       3.0000e+02
       5.519529e+00
       -1.917371e+00
       -1.354046e+00
       9.208551e-01
       -3.529002e-01
       5.401496e-02
       0.
       0.
       0.
       0.
       0.
