****** Levels
 8.29297e+16      1.    3  '   mg9    '  0   0.  0
****** Continuum transitions
   1 1010 1 15  4 0 0 0.000E+00 0.000E+00
     3.282E+02
      10 9 2
       1.475
      2
       0.0160
       1.200e-01
       3.000e+02
       2.276370e+01
       5.888382e+01
       6.673660e+01
       2.485990e+01
       0.
       0.
       0.
       0.
       0.
       0.
       0.
       4.262212e+00
       -2.227645e+00
       -5.060056e-01
       1.587867e-01
       -5.206487e-02
       1.012484e-02
       0.
       0.
       0.
       0.
       0.
   1 1011 1 15 99 0 0 0.000E+00 0.000E+00
     1.646E+03
      11 9 2
       1.
      1
       0.0799
       3.0000e+02
       5.519529e+00
       -1.917371e+00
       -1.354046e+00
       9.208551e-01
       -3.529002e-01
       5.401496e-02
       0.
       0.
       0.
       0.
       0.
