****** Levels
 7.15757588E+15      9.    1  'n2   3Pe 1'  0   0.  0
****** Continuum transitions
   1 1003 1 15 99 0 0 0.000E+00 0.000E+00
     3.796E+01
     5 2 2
      1.099
     2
      0.0060
      6.000e-02
      3.000e+02
      +1.621637e+01
      +2.748222e+01
      +2.337365e+01
      +6.393790e+00
      0.
      0.
      0.
      0.
      0.
      0.
      0.
      +3.482358e+00
      -2.626481e+00
      -3.417868e-01
      +1.041692e-01
      -3.596960e-02
      +7.915803e-03
      0.
      0.
      0.
      0.
      0.
   1 1003 1 15 4 0 0 0.000E+00 0.000E+00
     2.960E+01
     3 2 6
      0.8398
     2
      0.0042
      5.000e-02
      3.000e+02
      +3.022309e+00
      -2.904999e+00
      -2.292009e-01
      +1.101281e-01
      0.
      0.
      0.
      0.
      0.
      0.
      0.
      +2.55230e+00
      -3.579594e+00
      -3.069928e-01
      +1.140838e-02
      -1.083805e-02
      +3.422074e-02
      -8.304568e-02
      0.
      0.
      0.
      0.
   1 1003 1 15 99 0 0 0.000E+00 0.000E+00
     2.960E+01
     3 2 6
      0.8398
     2
      0.0042
      5.000e-02
      3.000e+02
      +2.748064e+00
      -2.836077e+00
      -1.779126e-01
      +1.217024e-01
      0.
      0.
      0.
      0.
      0.
      0.
      0.
      +1.948461e+00
      -3.582965e+00
      -3.083852e-01
      +5.861872e-03
      -1.081501e-02
      +3.616708e-02
      -8.782942e-03
      0.
      0.
      0.
      0.
   1 1004 1 15 99 0 0 0.000E+00 0.000E+00
     4.236E+02
     6 2 2
      1.
     2
      0.0248
      4.000e-01
      3.000e+02
      +9.621771e+00
      +2.518954e+01
      +3.93137e+01
      0.
      0.
      0.
      0.
      0.
      0.
      0.
      0.
      +4.831048e+00
      -2.668024e+00
      -3.588113e-01
      +6.879744e-02
      0.
      0.
      0.
      0.
      0.
      0.
      0.
