****** Levels
 1.14731794E+16      6.    2  'n3   2Po 1'  0   0.  0
****** Continuum transitions
   1 1004 1 15 99 0 0 0.000E+00 0.000E+00
     5.545E+01
     5 3 2
      1.208
     2
      0.0060
      6.000e-02
      3.000e+02
      +1.621637e+01
      +2.748222e+01
      +2.337365e+01
      +6.393790e+00
      0.
      0.
      0.
      0.
      0.
      0.
      0.
      +3.482358e+00
      -2.626481e+00
      -3.417868e-01
      +1.041692e-01
      -3.596960e-02
      +7.915803e-03
      0.
      0.
      0.
      0.
      0.
   1 1004 1 15 4 0 0 0.000E+00 0.000E+00
     4.745E+01
     3 3 6
      0.5291
     2
      0.0042
      5.000e-02
      3.000e+02
      +3.022309e+00
      -2.904999e+00
      -2.292009e-01
      +1.101281e-01
      0.
      0.
      0.
      0.
      0.
      0.
      0.
      +2.55230e+00
      -3.579594e+00
      -3.069928e-01
      +1.140838e-02
      -1.083805e-02
      +3.422074e-02
      -8.304568e-02
      0.
      0.
      0.
      0.
   1 1004 1 15 99 0 0 0.000E+00 0.000E+00
     4.745E+01
     3 3 6
      0.5291
     2
      0.0042
      5.000e-02
      3.000e+02
      +2.748064e+00
      -2.836077e+00
      -1.779126e-01
      +1.217024e-01
      0.
      0.
      0.
      0.
      0.
      0.
      0.
      +1.948461e+00
      -3.582965e+00
      -3.083852e-01
      +5.861872e-03
      -1.081501e-02
      +3.616708e-02
      -8.782942e-03
      0.
      0.
      0.
      0.
   1 1005 1 15 99 0 0 0.000E+00 0.000E+00
     4.473E+02
     6 3 2
      1.
     2
      0.0248
      4.000e-01
      3.000e+02
      +9.621771e+00
      +2.518954e+01
      +3.93137e+01
      0.
      0.
      0.
      0.
      0.
      0.
      0.
      0.
      +4.831048e+00
      -2.668024e+00
      -3.588113e-01
      +6.879744e-02
      0.
      0.
      0.
      0.
      0.
      0.
      0.
