****** Levels
 1.87330153E+16      1.    2  'n4   1Se 1'  0   0.  0
****** Continuum transitions
   1 1005 1 15 4 0 0 0.000E+00 0.000E+00
     7.747E+01
     5 4 2
      1.327
     2
      0.0060
      6.000e-02
      3.000e+02
      +1.621637e+01
      +2.748222e+01
      +2.337365e+01
      +6.393790e+00
      0.
      0.
      0.
      0.
      0.
      0.
      0.
      +3.482358e+00
      -2.626481e+00
      -3.417868e-01
      +1.041692e-01
      -3.596960e-02
      +7.915803e-03
      0.
      0.
      0.
      0.
      0.
   1 1006 1 15 99 0 0 0.000E+00 0.000E+00
     4.753E+02
     6 4 2
      1.
     2
      0.0248
      4.000e-01
      3.000e+02
      +9.621771e+00
      +2.518954e+01
      +3.93137e+01
      0.
      0.
      0.
      0.
      0.
      0.
      0.
      0.
      +4.831048e+00
      -2.668024e+00
      -3.588113e-01
      +6.879744e-02
      0.
      0.
      0.
      0.
      0.
      0.
      0.
