****** Levels
 3.19153e+16      9.    3  '   ne5    '  0   0.  0
****** Continuum transitions
   1 1006 1 15 99 0 0 0.000E+00 0.000E+00
     1.415E+02
      8 5 2
       1.520
      2
       0.0111
       1.000e-01
       3.000e+01
       -4.874822e+01
       -1.971905e+02
       -2.69177e+02
       -1.641326e+02
       -3.767245e+01
       0.
       0.
       0.
       0.
       0.
       0.
       +3.997899e+00
       -2.377627e+00
       -4.448229e-01
       +1.519605e-01
       -6.091884e-02
       +1.300019e-02
       0.
       0.
       0.
       0.
       0.
   1 1006 1 15  4 0 0 0.000E+00 0.000E+00
     1.262E+02
      6 5 6
       0.9288
      2
       0.0065
       6.000e-02
       2.000e+02
       +1.040490e+01
       +1.104131e+01
       +9.140928e+00
       +2.340176e+00
       0.
       0.
       0.
       0.
       0.
       0.
       0.
       +3.186696e+00
       -3.392509e+00
       -3.737531e-01
       +1.368520e-01
       -7.538811e-02
       +2.44603e-02
       0.
       0.
       0.
       0.
       0.
   1 1006 1 15 99 0 0 0.000E+00 0.000E+00
     1.262E+02
      6 5 6
      0.9288
     2
      0.0065
      6.000e-02
      3.000e+02
      +1.060946e+01
      +1.083493e+01
      +8.987568e+00
      +2.300711e+00
      0.
      0.
      0.
      0.
      0.
      0.
      0.
      +3.479542e+00
      -3.396552e+00
      -3.720183e-01
      +1.328844e-01
      -7.755085e-02
      +2.355117e-02
      0.
      0.
      0.
      0.
      0.
   1 1007 1 15 99 0 0 0.000E+00 0.000E+00
     9.873E+02
      9 5 2
      1.
     1
      0.0428
      3.000e+02
      +5.353012e+00
      -2.474968e+00
      -4.078411e-01
      +7.246424e-02
      0.
      0.
      0.
      0.
      0.
      0.
      0.
