****** Levels
 5.24124e+16      1.    3  '   ne7    '  0   0.  0
****** Continuum transitions
   1 1008 1 15  4 0 0 0.000E+00 0.000E+00
     2.073E+02
      8 7 2
       1.874
      2
       0.0111
       1.000e-01
       3.000e+01
       -4.874822e+01
       -1.971905e+02
       -2.69177e+02
       -1.641326e+02
       -3.767245e+01
       0.
       0.
       0.
       0.
       0.
       0.
       +3.997899e+00
       -2.377627e+00
       -4.448229e-01
       +1.519605e-01
       -6.091884e-02
       +1.300019e-02
       0.
       0.
       0.
       0.
       0.
   1 1009 1 15 99 0 0 0.000E+00 0.000E+00
     1.078E+03
      9 7 2
       1.
      1
       0.0428
       3.000e+02
       +5.353012e+00
       -2.474968e+00
       -4.078411e-01
       +7.246424e-02
       0.
       0.
       0.
       0.
       0.
       0.
       0.
