****** Levels
 1.93122e+15     21.    3  '   ni1    '  0   0.  0
****** Continuum transitions
   1 1002 1 15  4 0 0 0.000E+00 0.000E+00
     7.637E+00
      1 1 1
       1.
      3
       0.0006
       1.350e-02
       2.500e-02
       8.000e+00
       -3.382989e+03
       7.593147e+02
       9.366453e+03
       8.698131e+03
       3.110685e+03
       3.982763e+02
       0.
       0.
       0.
       0.
       0.
       +3.169012e+04
       +9.606252e+04
       +1.164350e+05
       +7.053124e+04
       +2.135399e+04
       +2.585264e+03
       0.
       0.
       0.
       0.
       0.
       +3.085316e+00
       -1.814608e+00
       -2.819678e-01
       -4.321018e-02
       -2.983697e-02
       3.435510e-02
       0.
       0.
       0.
       0.
       0.
   1 1002 1 15 99 0 0 0.000E+00 0.000E+00
     1.250E+02
      18 1 2
       1.
      1
       0.0077
       8.000e+00
       +4.391660e+00
       -1.766727e+00
       -4.487424e-01
       +7.979689e-02
       +7.463734e-02
       1.140640e-01
       -1.952495e-01
       0.
       0.
       0.
       0.
   1 1002 1 15 99 0 0 0.000E+00 0.000E+00
     8.200E+01
      16 1 6
       1.
      2
       0.0017
       1.500e-01
       8.000e+00
       +1.571585e+03
       +8.549751e+03
       +1.855760e+04
       +2.001067e+04
       +1.071484e+04
       +2.278395e+03
       0.
       0.
       0.
       0.
       0.
       +4.400676e+00
       -2.249007e+00
       -7.291973e-01
       +4.050849e-01
       -2.698773e-01
       0.
       0.
       0.
       0.
       0.
       0.
   1 1002 1 15 99 0 0 0.000E+00 0.000E+00
     8.200E+01
      16 1 6
       1.
      2
       0.0017
       1.500e-01
       8.000e+00
       +1.311583e+03
       +7.069982e+03
       +1.521099e+04
       +1.624860e+04
       +8.613886e+03
       +1.812341e+03
       0.
       0.
       0.
       0.
       0.
       +4.689491e+00
       -2.272139e+00
       -7.324362e-01
       +3.729345e-01
       -2.376296e-01
       0.
       0.
       0.
       0.
       0.
       0.
   1 1002 1 15 99 0 0 0.000E+00 0.000E+00
     1.700E+01
      10 1 6
       1.
      1
       0.0006
       3.000e+00
       +3.975966e+00
       -3.409947e+00
       -5.728389e-01
       1.679471e-01
       -2.208475e-01
       +3.031859e-02
       +9.422029e-02
       +1.835911e-02
       0.
       0.
       0.
   1 1002 1 15 99 0 0 0.000E+00 0.000E+00
     1.700E+01
      10 1 6
       1.
      1
       0.0006
       8.000e+00
       +3.964199e+00
       -3.414354e+00
       -5.682684e-01
       1.554353e-01
       -2.399298e-01
       +3.276962e-02
       +1.078372e-01
       +2.296199e-02
       0.
       0.
       0.
   1 1003 1 15 99 0 0 0.000E+00 0.000E+00
     1.024E+03
      26 1 2
       1.
      1
       0.0450
       3.000e+02
       +5.098300e+00
       -1.411826e+00
       -6.787473e-01
       +9.597185e-02
       0.
       0.
       0.
       0.
       0.
       0.
       0.
   1 1003 1 15 99 0 0 0.000E+00 0.000E+00
     8.760E+02
      24 1 6
       1.
      1
       0.0234
       3.000e+02
       5.439225e+00
       -2.506016e+00
       -5.062795e-01
       2.776295e-02
       4.925889e-03
       5.055041e-03
       0.
       0.
       0.
       0.
       0.
   1 1003 1 15 99 0 0 0.000E+00 0.000E+00
     8.760E+02
      24 1 6
       1.
      1
       0.0245
       3.000e+02
       +5.721626e+00
       -2.447210e+00
       -7.371798e-01
       +2.766062e-01
       -1.130475e-01
       +2.443512e-02
       0.
       0.
       0.
       0.
       0.
   1 1003 1 15 99 0 0 0.000E+00 0.000E+00
     8.313E+03
      27 1 2
       1.
      1
       0.1623
       3.000e+02
       6.248641e+00
       -1.304474e+00
       -8.369537e-01
       +1.342999e-01
       0.
       0.
       0.
       0.
       0.
       0.
       0.
