****** Levels
 1.53501e+17      2.    3  '  ni18    '  0   0.  0
****** Continuum transitions
   1 1019 1 15  4 0 0 0.000E+00 0.000E+00
     6.071E+02
      18 18 2
       0.850
      1
       0.0077
       8.000e+00
       +4.391660e+00
       -1.766727e+00
       -4.487424e-01
       +7.979689e-02
       +7.463734e-02
       1.140640e-01
       -1.952495e-01
       0.
       0.
       0.
       0.
   1 1019 1 15 99 0 0 0.000E+00 0.000E+00
     1.618E+03
      26 18 2
       1.
      1
       0.0450
       3.000e+02
       +5.098300e+00
       -1.411826e+00
       -6.787473e-01
       +9.597185e-02
       0.
       0.
       0.
       0.
       0.
       0.
       0.
   1 1019 1 15 99 0 0 0.000E+00 0.000E+00
     1.506E+03
      24 18 6
       1.
      1
       0.0234
       3.000e+02
       5.439225e+00
       -2.506016e+00
       -5.062795e-01
       2.776295e-02
       4.925889e-03
       5.055041e-03
       0.
       0.
       0.
       0.
       0.
   1 1019 1 15 99 0 0 0.000E+00 0.000E+00
     1.506E+03
      24 18 6
       1.
      1
       0.0245
       3.000e+02
       +5.721626e+00
       -2.447210e+00
       -7.371798e-01
       +2.766062e-01
       -1.130475e-01
       +2.443512e-02
       0.
       0.
       0.
       0.
       0.
   1 1020 1 15 99 0 0 0.000E+00 0.000E+00
     8.937E+03
      27 18 2
       1.
      1
       0.1623
       3.000e+02
       6.248641e+00
       -1.304474e+00
       -8.369537e-01
       +1.342999e-01
       0.
       0.
       0.
       0.
       0.
       0.
       0.
