****** Levels
 4.43931e+17      9.    3  '  ni21    '  0   0.  0
****** Continuum transitions
   1 1022 1 15 99 0 0 0.000E+00 0.000E+00
     1.870E+03
      26 21 2
       1.098
      1
       0.0450
       3.000e+02
       +5.098300e+00
       -1.411826e+00
       -6.787473e-01
       +9.597185e-02
       0.
       0.
       0.
       0.
       0.
       0.
       0.
   1 1022 1 15  4 0 0 0.000E+00 0.000E+00
     1.756E+03
      24 21 6
       0.7744
      1
       0.0234
       3.000e+02
       5.439225e+00
       -2.506016e+00
       -5.062795e-01
       2.776295e-02
       4.925889e-03
       5.055041e-03
       0.
       0.
       0.
       0.
       0.
   1 1022 1 15 99 0 0 0.000E+00 0.000E+00
     1.756E+03
      24 21 6
       0.7744
      1
       0.0245
       3.000e+02
       +5.721626e+00
       -2.447210e+00
       -7.371798e-01
       +2.766062e-01
       -1.130475e-01
       +2.443512e-02
       0.
       0.
       0.
       0.
       0.
   1 1023 1 15 99 0 0 0.000E+00 0.000E+00
     9.279E+03
      27 21 2
       1.
      1
       0.1623
       3.000e+02
       6.248641e+00
       -1.304474e+00
       -8.369537e-01
       +1.342999e-01
       0.
       0.
       0.
       0.
       0.
       0.
       0.
