****** Levels
 5.80307e+17      1.    3  '  ni25    '  0   0.  0
****** Continuum transitions
   1 1026 1 15  4 0 0 0.000E+00 0.000E+00
     2.295E+03
      26 25 2
       1.325
      1
       0.0450
       3.000e+02
       +5.098300e+00
       -1.411826e+00
       -6.787473e-01
       +9.597185e-02
       0.
       0.
       0.
       0.
       0.
       0.
       0.
   1 1027 1 15 99 0 0 0.000E+00 0.000E+00
     9.902E+03
      27 25 2
       1.
      1
       0.1623
       3.000e+02
       6.248641e+00
       -1.304474e+00
       -8.369537e-01
       +1.342999e-01
       0.
       0.
       0.
       0.
       0.
       0.
       0.
