****** Levels
 6.06674e+17      2.    3  '  ni26    '  0   0.  0
****** Continuum transitions
   1 1027 1 15  4 0 0 0.000E+00 0.000E+00
     2.399E+03
      26 26 2
       0.6944
      1
       0.0450
       3.000e+02
       +5.098300e+00
       -1.411826e+00
       -6.787473e-01
       +9.597185e-02
       0.
       0.
       0.
       0.
       0.
       0.
       0.
   1 1027 1 15 99 0 0 0.000E+00 0.000E+00
     1.0050E+04
      27 26 2
       1.
      1
       0.1623
       3.000e+02
       6.248641e+00
       -1.304474e+00
       -8.369537e-01
       +1.342999e-01
       0.
       0.
       0.
       0.
       0.
       0.
       0.
