****** Levels
 1.87185648E+16      6.    2  'o4   2Po 1'  0   0.  0
****** Continuum transitions
   1 1005 1 15 99 0 0 0.000E+00 0.000E+00
     8.737E+01
     6 4 2
      1.326
     2
      0.0075
      6.000e-02
      3.000e+02
      -8.855198e+01
      -2.941282e+02
      -3.450495e+02
      -1.805537e+02
      -3.552182e+01
      0.
      0.
      0.
      0.
      0.
      0.
      +3.684548e+00
      -2.545396e+00
      -3.591640e-01
      +1.205815e-01
      -5.534854e-02
      +1.291999e-02
      0.
      0.
      0.
      0.
      0.
   1 1005 1 15 4 0 0 0.000E+00 0.000E+00
     7.741E+01
     4 4 6
      0.5000
     2
      0.0052
      5.000e-02
      3.000e+02
      +6.431387e+00
      +3.051389e+00
      +3.456316e+00
      +9.128834e-01
      0.
      0.
      0.
      0.
      0.
      0.
      0.
      +2.621999e+00
      -3.523983e+00
      -3.145495e-01
      +5.976742e-02
      -3.842239e-02
      +2.882596e-02
      -4.769649e-03
      0.
      0.
      0.
      0.
   1 1005 1 15 99 0 0 0.000E+00 0.000E+00
     7.741E+01
     4 4 6
      0.5000
     2
      0.0052
      5.000e-02
      3.000e+02
      +6.428573e+00
      +3.048607e+00
      +3.452532e+00
      +9.109573e-01
      0.
      0.
      0.
      0.
      0.
      0.
      0.
      +2.61498e+00
      -3.528561e+00
      -3.107917e-01
      +5.984422e-02
      -4.32553e-02
      +2.797527e-02
      -3.931997e-03
      0.
      0.
      0.
      0.
   1 1006 1 15 99 0 0 0.000E+00 0.000E+00
     6.144E+02
     7 4 2
      1.
     2
      0.0030
      6.000e-01
      3.000e+02
      -1.011713e+01
      -1.906368e+02
      -7.735585e+02
      -1.060592e+03
      0.
      0.
      0.
      0.
      0.
      0.
      0.
      +5.029228e+00
      -2.577456e+00
      -3.971997e-01
      +7.533458e-02
      0.
      0.
      0.
      0.
      0.
      0.
      0.
