****** Levels
   3.33922e+16    2.    2  'o6   2Se 1'  0   0.  0
****** Continuum transitions
   1 1007 1 15 4 0 0 0.000E+00 0.000E+00
     1.381E+02
     6 6 2
      0.800
     2
      0.0075
      6.000e-02
      3.000e+02
      -8.855198e+01
      -2.941282e+02
      -3.450495e+02
      -1.805537e+02
      -3.552182e+01
      0.
      0.
      0.
      0.
      0.
      0.
      +3.684548e+00
      -2.545396e+00
      -3.591640e-01
      +1.205815e-01
      -5.534854e-02
      +1.291999e-02
      0.
      0.
      0.
      0.
      0.
   1 1007 1 15 99 0 0 0.000E+00 0.000E+00
     6.837E+02
     7 6 2
      1.
     2
      0.0030
      6.000e-01
      3.000e+02
      -1.011713e+01
      -1.906368e+02
      -7.735585e+02
      -1.060592e+03
      0.
      0.
      0.
      0.
      0.
      0.
      0.
      +5.029228e+00
      -2.577456e+00
      -3.971997e-01
      +7.533458e-02
      0.
      0.
      0.
      0.
      0.
      0.
      0.
