****** Levels
   1.78761e+17      1.    1  'o7   1S 1'  0   0.  0
****** Continuum transitions
   1 1008 1 15 4 0 0 0.000E+00 0.000E+00
     7.393E+02
     7 7 2
      1.
     2
      0.0030
      6.000e-01
      3.000e+02
      -1.011713e+01
      -1.906368e+02
      -7.735585e+02
      -1.060592e+03
      0.
      0.
      0.
      0.
      0.
      0.
      0.
      +5.029228e+00
      -2.577456e+00
      -3.971997e-01
      +7.533458e-02
      0.
      0.
      0.
      0.
      0.
      0.
      0.
