****** Levels
 2.61963e+15      9.    3  '    s1    '  0   0.  0
****** Continuum transitions
   1 1002 1 15 99 0 0 0.000E+00 0.000E+00
     2.130E+01
      6 1 2
       1.
      4
       0.0033
       1.900e-02
       2.500e-02
       8.000e-02
       4.000e+00
       -6.342006e+01
       -3.860879e+01
       0.
       0.
       0.
       0.
       0.
       0.
       0.
       0.
       0.
       -2.135870e+05
       -5.202835e+05
       -4.752522e+05
       -1.929436e+05
       -2.937512e+04
       0.
       0.
       0.
       0.
       0.
       0.
       -4.551301e+01
       -1.623225e+02
       -1.952366e+02
       -1.050551e+02
       -2.129058e+01
       0.
       0.
       0.
       0.
       0.
       0.
       +3.632884e+00
       -2.087384e+00
       -3.498116e-01
       +3.583246e-02
       0.
       0.
       0.
       0.
       0.
       0.
       0.
   1 1002 1 15  4 0 0 0.000E+00 0.000E+00
     1.036E+01
      4 1 6
       1.
      3
       0.0039
       2.500e-02
       4.000e-02
       4.000e+00
       -4.667255e+01
       -6.697713e+01
       -2.710095e+01
       -3.560621e+00
       0.
       0.
       0.
       0.
       0.
       0.
       0.
       -1.614953e+03
       -4.365318e+03
       -4.385030e+03
       -1.945851e+03
       -3.217127e+02
       0.
       0.
       0.
       0.
       0.
       0.
       +3.157409e+00
       -2.847706e+00
       -6.287029e-01
       -6.431397e-02
       +1.648780e-01
       +2.566767e-01
       0.
       0.
       0.
       0.
       0.
   1 1002 1 15 99 0 0 0.000E+00 0.000E+00
     1.036E+01
      4 1 6
       1.
      3
       0.0039
       2.500e-02
       4.000e-02
       4.000e+00
       -4.723050e+01
       -6.784767e+01
       -2.759409e+01
       -3.658742e+00
       0.
       0.
       0.
       0.
       0.
       0.
       0.
       -1.512418e+03
       -4.078361e+03
       -4.084990e+03
       -1.806969e+03
       -2.977173e+02
       0.
       0.
       0.
       0.
       0.
       0.
       3.147453e+00
       -2.865068e+00
       -6.434279e-01
       -4.977866e-02
       +1.962379e-01
       +2.670726e-01
       0.
       0.
       0.
       0.
       0.
   1 1003 1 15 99 0 0 0.000E+00 0.000E+00
     2.350E+02
      14 1 2
       1.
      1
       0.0199
       3.000e+02
       +4.622531e+00
       -1.954221e+00
       -5.621573e-01
       +8.899949e-02
       0.
       0.
       0.
       0.
       0.
       0.
       0.
   1 1003 1 15 99 0 0 0.000E+00 0.000E+00
     1.700E+02
      12 1 6
       1.
      3
       0.0135
       1.700e-01
       1.900e-01
       3.000e+02
       -5.925599e+02
       -1.547533e+03
       -9.998579e+02
       0.
       0.
       0.
       0.
       0.
       0.
       0.
       0.
       +4.50745e+00
       -2.226752e+00
       0.
       0.
       0.
       0.
       0.
       0.
       0.
       0.
       0.
       +4.383460e+00
       -2.986570e+00
       -5.146997e-01
       +2.139681e-01
       -1.773877e-01
       +8.492489e-02
       -1.261286e-02
       0.
       0.
       0.
       0.
   1 1003 1 15 99 0 0 0.000E+00 0.000E+00
     1.700E+02
      12 1 6
       1.
      3
       0.0134
       1.700e-01
       1.900e-01
       3.000e+02
       -0.55731277e+03
       -0.14531015e+04
       -0.93615079e+03
       0.
       0.
       0.
       0.
       0.
       0.
       0.
       0.
       +4.747881e+00
       -2.308413e+00
       0.
       0.
       0.
       0.
       0.
       0.
       0.
       0.
       0.
       +4.680475e+00
       -2.991435e+00
       -5.718427e-01
       2.244614e-01
       -9.786206e-02
       +2.280191e-02
       0.
       0.
       0.
       0.
       0.
   1 1003 1 15 99 0 0 0.000E+00 0.000E+00
     2.502E+03
      15 1 2
       1.
      1
       0.0843
       3.000e+02
       +5.884265e+00
       -2.030657e+00
       -5.801247e-01
       +9.900248e-02
       0.
       0.
       0.
       0.
       0.
       0.
       0.
