****** Levels
 1.27643e+17      9.    3  '   s11    '  0   0.  0
****** Continuum transitions
   1 1012 1 15 99 0 0 0.000E+00 0.000E+00
     5.346E+02
      14 11 2
       1.319
      1
       0.0199
       3.000e+02
       +4.622531e+00
       -1.954221e+00
       -5.621573e-01
       +8.899949e-02
       0.
       0.
       0.
       0.
       0.
       0.
       0.
   1 1012 1 15  4 0 0 0.000E+00 0.000E+00
     5.048E+02
      12 11 6
       0.4978
      3
       0.0135
       1.700e-01
       1.900e-01
       3.000e+02
       -5.925599e+02
       -1.547533e+03
       -9.998579e+02
       0.
       0.
       0.
       0.
       0.
       0.
       0.
       0.
       +4.50745e+00
       -2.226752e+00
       0.
       0.
       0.
       0.
       0.
       0.
       0.
       0.
       0.
       +4.383460e+00
       -2.986570e+00
       -5.146997e-01
       +2.139681e-01
       -1.773877e-01
       +8.492489e-02
       -1.261286e-02
       0.
       0.
       0.
       0.
   1 1012 1 15 99 0 0 0.000E+00 0.000E+00
     5.048E+02
      12 11 6
       0.4978
      3
       0.0134
       1.700e-01
       1.900e-01
       3.000e+02
       -0.55731277e+03
       -0.14531015e+04
       -0.93615079e+03
       0.
       0.
       0.
       0.
       0.
       0.
       0.
       0.
       +4.747881e+00
       -2.308413e+00
       0.
       0.
       0.
       0.
       0.
       0.
       0.
       0.
       0.
       +4.680475e+00
       -2.991435e+00
       -5.718427e-01
       2.244614e-01
       -9.786206e-02
       +2.280191e-02
       0.
       0.
       0.
       0.
       0.
   1 1013 1 15 99 0 0 0.000E+00 0.000E+00
     2.889E+03
      15 11 2
       1.
      1
       0.0843
       3.000e+02
       +5.884265e+00
       -2.030657e+00
       -5.801247e-01
       +9.900248e-02
       0.
       0.
       0.
       0.
       0.
       0.
       0.
