****** Levels
 1.64778e+17      1.    3  '   s13    '  0   0.  0
****** Continuum transitions
   1 1014 1 15  4 0 0 0.000E+00 0.000E+00
     6.517E+02
      14 13 2
       1.515
      1
       0.0199
       3.000e+02
       +4.622531e+00
       -1.954221e+00
       -5.621573e-01
       +8.899949e-02
       0.
       0.
       0.
       0.
       0.
       0.
       0.
   1 1015 1 15 99 0 0 0.000E+00 0.000E+00
     3.057E+03
      15 13 2
       1.
      1
       0.0843
       3.000e+02
       +5.884265e+00
       -2.030657e+00
       -5.801247e-01
       +9.900248e-02
       0.
       0.
       0.
       0.
       0.
       0.
       0.
