****** Levels
 1.78814e+17      2.    3  '   s14    '  0   0.  0
****** Continuum transitions
   1 1015 1 15  4 0 0 0.000E+00 0.000E+00
     7.072E+02
      14 14 2
       0.8121
      1
       0.0199
       3.000e+02
       +4.622531e+00
       -1.954221e+00
       -5.621573e-01
       +8.899949e-02
       0.
       0.
       0.
       0.
       0.
       0.
       0.
   1 1015 1 15 99 0 0 0.000E+00 0.000E+00
     3.134E+03
      15 14 2
       1.
      1
       0.0843
       3.000e+02
       +5.884265e+00
       -2.030657e+00
       -5.801247e-01
       +9.900248e-02
       0.
       0.
       0.
       0.
       0.
       0.
       0.
