****** Levels
 2.22650e+16      2.    3  '    s6    '  0   0.  0
****** Continuum transitions
   1 1007 1 15  4 0 0 0.000E+00 0.000E+00
     8.805E+01
      6 6 2
       0.8439
      4
       0.0033
       1.900e-02
       2.500e-02
       8.000e-02
       4.000e+00
       -6.342006e+01
       -3.860879e+01
       0.
       0.
       0.
       0.
       0.
       0.
       0.
       0.
       0.
       -2.135870e+05
       -5.202835e+05
       -4.752522e+05
       -1.929436e+05
       -2.937512e+04
       0.
       0.
       0.
       0.
       0.
       0.
       -4.551301e+01
       -1.623225e+02
       -1.952366e+02
       -1.050551e+02
       -2.129058e+01
       0.
       0.
       0.
       0.
       0.
       0.
       +3.632884e+00
       -2.087384e+00
       -3.498116e-01
       +3.583246e-02
       0.
       0.
       0.
       0.
       0.
       0.
       0.
   1 1007 1 15 99 0 0 0.000E+00 0.000E+00
     3.094E+02
      14 6 2
       1.
      1
       0.0199
       3.000e+02
       +4.622531e+00
       -1.954221e+00
       -5.621573e-01
       +8.899949e-02
       0.
       0.
       0.
       0.
       0.
       0.
       0.
   1 1007 1 15 99 0 0 0.000E+00 0.000E+00
     2.557E+02
      12 6 6
       1.
      3
       0.0135
       1.700e-01
       1.900e-01
       3.000e+02
       -5.925599e+02
       -1.547533e+03
       -9.998579e+02
       0.
       0.
       0.
       0.
       0.
       0.
       0.
       0.
       +4.50745e+00
       -2.226752e+00
       0.
       0.
       0.
       0.
       0.
       0.
       0.
       0.
       0.
       +4.383460e+00
       -2.986570e+00
       -5.146997e-01
       +2.139681e-01
       -1.773877e-01
       +8.492489e-02
       -1.261286e-02
       0.
       0.
       0.
       0.
   1 1007 1 15 99 0 0 0.000E+00 0.000E+00
     2.557E+02
      12 6 6
       1.
      3
       0.0134
       1.700e-01
       1.900e-01
       3.000e+02
       -0.55731277e+03
       -0.14531015e+04
       -0.93615079e+03
       0.
       0.
       0.
       0.
       0.
       0.
       0.
       0.
       +4.747881e+00
       -2.308413e+00
       0.
       0.
       0.
       0.
       0.
       0.
       0.
       0.
       0.
       +4.680475e+00
       -2.991435e+00
       -5.718427e-01
       2.244614e-01
       -9.786206e-02
       +2.280191e-02
       0.
       0.
       0.
       0.
       0.
   1 1008 1 15 99 0 0 0.000E+00 0.000E+00
     2.585E+03
      15 6 2
       1.
      1
       0.0843
       3.000e+02
       +5.884265e+00
       -2.030657e+00
       -5.801247e-01
       +9.900248e-02
       0.
       0.
       0.
       0.
       0.
       0.
       0.
