****** Levels
 3.83980e+03      1.    3  '  si11    '  0   0.  0
****** Continuum transitions
   1 1012 1 15  4 0 0 0.000E+00 0.000E+00
     4.761E+02
      12 11 2
       1.594
      2
       0.0172
       2.000e-01
       3.000e+02
       -7.020353e+01
       -2.976164e+02
       -3.892492e+02
       -1.697021e+02
       0.
       0.
       0.
       0.
       0.
       0.
       0.
       +4.466012e+00
       -2.069942e+00
       -5.482299e-01
       +1.017569e-01
       -3.731243e-03
       0.
       0.
       0.
       0.
       0.
       0.
   1 1013 1 15 99 0 0 0.000E+00 0.000E+00
     2.296E+03
      13 11 2
       1.
      1
       0.0704
       3.000e+02
       +5.746749e+00
       -2.158069e+00
       -5.371691e-01
       +9.341785e-02
       0.
       0.
       0.
       0.
       0.
       0.
       0.
