****** Levels
 3.64093e+02      2.    3  '   si4    '  0   0.  0
****** Continuum transitions
   1 1005 1 15  4 0 0 0.000E+00 0.000E+00
     4.514E+01
      4 4 2
       0.6661
      4
       0.0036
       1.400e-02
       2.000e-02
       8.000e-02
       4.000e+00
       -1.456271e+03
       -1.509143e+03
       -3.895007e+02
       0.
       0.
       0.
       0.
       0.
       0.
       0.
       0.
       -3.912258e+04
       -9.129513e+04
       -7.987835e+04
       -3.106245e+04
       -4.530029e+03
       0.
       0.
       0.
       0.
       0.
       0.
       +1.075662e+01
       +1.577659e+01
       +1.427508e+01
       +4.051680e+00
       0.
       0.
       0.
       0.
       0.
       0.
       0.
       +3.368623e+00
       -2.155529e+00
       -3.634712e-01
       +2.164788e-02
       0.
       0.
       0.
       0.
       0.
       0.
       0.
   1 1005 1 15 99 0 0 0.000E+00 0.000E+00
     1.899E+02
      12 4 2
       1.
      2
       0.0172
       2.000e-01
       3.000e+02
       -7.020353e+01
       -2.976164e+02
       -3.892492e+02
       -1.697021e+02
       0.
       0.
       0.
       0.
       0.
       0.
       0.
       +4.466012e+00
       -2.069942e+00
       -5.482299e-01
       +1.017569e-01
       -3.731243e-03
       0.
       0.
       0.
       0.
       0.
       0.
   1 1005 1 15 99 0 0 0.000E+00 0.000E+00
     1.466E+02
      10 4 6
       1.
      3
       0.0109
       1.100e-01
       1.500e-01
       3.000e+02
       -2.572064e+02
       -5.445477e+02
       -2.813565e+02
       0.
       0.
       0.
       0.
       0.
       0.
       0.
       0.
       5.516681e+00
       -7.779747e-01
       0.
       0.
       0.
       0.
       0.
       0.
       0.
       0.
       0.
       +4.084911e+00
       -3.101821e+00
       -5.164372e-01
       +1.840977e-01
       -7.335953e-02
       +1.807034e-02
       0.
       0.
       0.
       0.
       0.
   1 1005 1 15 99 0 0 0.000E+00 0.000E+00
     1.466E+02
      10 4 6
       1.
      3
       0.0102
       1.100e-01
       1.500e-01
       3.000e+02
       -2.415891e+02
       -5.122363e+02
       -2.643109e+02
       0.
       0.
       0.
       0.
       0.
       0.
       0.
       0.
       +5.781800e+00
       -8.207303e-01
       0.
       0.
       0.
       0.
       0.
       0.
       0.
       0.
       0.
       +4.376012e+00
       -3.109673e+00
       -5.071729e-01
       +1.808588e-01
       -8.179715e-02
       +2.078850e-02
       0.
       0.
       0.
       0.
       0.
   1 1006 1 15 99 0 0 0.000E+00 0.000E+00
     1.909E+03
      13 4 2
       1.
      1
       0.0704
       3.000e+02
       +5.746749e+00
       -2.158069e+00
       -5.371691e-01
       +9.341785e-02
       0.
       0.
       0.
       0.
       0.
       0.
       0.
