****** Levels
 1.98840e+03      9.    3  '   si7    '  0   0.  0
****** Continuum transitions
   1 1008 1 15 99 0 0 0.000E+00 0.000E+00
     2.872E+02
      12 7 2
       1.168
      2
       0.0172
       2.000e-01
       3.000e+02
       -7.020353e+01
       -2.976164e+02
       -3.892492e+02
       -1.697021e+02
       0.
       0.
       0.
       0.
       0.
       0.
       0.
       +4.466012e+00
       -2.069942e+00
       -5.482299e-01
       +1.017569e-01
       -3.731243e-03
       0.
       0.
       0.
       0.
       0.
       0.
   1 1008 1 15  4 0 0 0.000E+00 0.000E+00
     2.465E+02
      10 7 6
       1.060
      3
       0.0109
       1.100e-01
       1.500e-01
       3.000e+02
       -2.572064e+02
       -5.445477e+02
       -2.813565e+02
       0.
       0.
       0.
       0.
       0.
       0.
       0.
       0.
       5.516681e+00
       -7.779747e-01
       0.
       0.
       0.
       0.
       0.
       0.
       0.
       0.
       0.
       +4.084911e+00
       -3.101821e+00
       -5.164372e-01
       +1.840977e-01
       -7.335953e-02
       +1.807034e-02
       0.
       0.
       0.
       0.
       0.
   1 1008 1 15 99 0 0 0.000E+00 0.000E+00
     2.465E+02
      10 7 6
       1.060
      3
       0.0102
       1.100e-01
       1.500e-01
       3.000e+02
       -2.415891e+02
       -5.122363e+02
       -2.643109e+02
       0.
       0.
       0.
       0.
       0.
       0.
       0.
       0.
       +5.781800e+00
       -8.207303e-01
       0.
       0.
       0.
       0.
       0.
       0.
       0.
       0.
       0.
       +4.376012e+00
       -3.109673e+00
       -5.071729e-01
       +1.808588e-01
       -8.179715e-02
       +2.078850e-02
       0.
       0.
       0.
       0.
       0.
   1 1009 1 15 99 0 0 0.000E+00 0.000E+00
     2.031E+03
      13 7 2
       1.
      1
       0.0704
       3.000e+02
       +5.746749e+00
       -2.158069e+00
       -5.371691e-01
       +9.341785e-02
       0.
       0.
       0.
       0.
       0.
       0.
       0.
